315,4
315,3
315,2
315,1
315,0
314,5
314,4
314,3
314,2
314,1
314,0
313,4
313,3
313,2
313,1
313,0
312,3
312,2
312,1
312,0
311,6
311,5
18,1
18,3
311,4
311,3
311,2
311,1
311,0
310,4
310,3
14,7
310,2
310,1
14,3
310,0
309,3
309,2
309,1
13,1
309,0
308,3
308,2
308,1
13,3
308,0
307,3
307,2
307,1
307,0
306,3
306,2
306,1
306,0
305,3
305,2
305,1
305,0
304,3
304,2
304,1
304,0
303,3
303,2
303,1
303,0
302,4
302,3
302,2
302,1
302,0
301,7
301,6
301,5
301,4
301,3
301,2
301,1
301,0
300,3
300,2
300,1
300,0
299,3
299,2
299,1
299,0
298,6
298,5
298,4
298,3
298,2
298,1
298,0
297,3
297,2
297,1
297,0
296,3
296,2
296,1
296,0
295,3
295,2
295,1
295,0
294,4
294,3
294,2
294,1
294,0
293,4
293,3
2,2
293,2
293,1
2,1
293,0
292,3
292,2
292,1
2,3
292,0
291,3
291,2
291,1
291,0
290,4
290,3
290,2
290,1
290,0
289,5
289,4
289,3
289,2
289,1
289,0
288,4
288,3
288,2
288,1
288,0
287,14
